DIM             40 32
CELL_SIZE       0.4 0.4
EXIT            10
                2
                9 0
                10 0
                2
                19 0
                20 0
                2
                29 0
                30 0
                2
                9 31
                10 31
                2
                30 31
                29 31
                2
                19 31
                20 31
                2
                0 22
                0 21
                2
                0 10
                0 9
                2
                39 22
                39 21
                2
                39 9
                39 10
IMMOVABLE       184
                0 0
                1 0
                2 0
                3 0
                4 0
                5 0
                6 0
                7 0
                8 0
                11 0
                12 0
                13 0
                14 0
                15 0
                16 0
                17 0
                18 0
                21 0
                22 0
                23 0
                24 0
                25 0
                26 0
                27 0
                28 0
                31 0
                32 0
                33 0
                34 0
                35 0
                36 0
                37 0
                38 0
                39 0
                0 31
                1 31
                2 31
                3 31
                4 31
                5 31
                6 31
                7 31
                8 31
                39 31
                38 31
                37 31
                36 31
                35 31
                34 31
                33 31
                32 31
                31 31
                11 31
                12 31
                13 31
                14 31
                15 31
                16 31
                17 31
                18 31
                28 31
                27 31
                26 31
                25 31
                24 31
                23 31
                22 31
                21 31
                0 30
                0 29
                0 28
                0 27
                0 26
                0 25
                0 24
                0 23
                0 20
                0 19
                0 18
                0 17
                0 16
                0 15
                0 14
                0 13
                0 12
                0 11
                0 1
                0 2
                0 3
                0 4
                0 5
                0 6
                0 7
                0 8
                39 30
                39 29
                39 28
                39 27
                39 26
                39 25
                39 24
                39 23
                39 1
                39 2
                39 3
                39 4
                39 5
                39 6
                39 7
                39 8
                39 20
                39 19
                39 18
                39 17
                39 16
                39 15
                39 14
                39 13
                39 12
                39 11
                4 27
                4 26
                5 27
                5 26
                6 26
                6 27
                7 27
                7 26
                8 26
                8 27
                9 27
                9 26
                10 26
                10 27
                11 27
                11 26
                12 26
                12 27
                13 26
                13 27
                14 27
                15 27
                16 27
                17 27
                18 27
                19 27
                20 27
                21 27
                22 27
                24 27
                23 27
                25 27
                26 27
                28 27
                27 27
                29 27
                30 27
                31 27
                32 27
                33 27
                34 27
                35 27
                35 26
                14 26
                15 26
                16 26
                17 26
                18 26
                19 26
                21 26
                20 26
                22 26
                23 26
                24 26
                25 26
                26 26
                27 26
                28 26
                29 26
                32 26
                31 26
                30 26
                33 26
                34 26
LAMBDA          1.5
CROWD_AVOIDANCE 1
