DIM             30 30
CELL_SIZE       0.4 0.4
EXIT            1
                2
                29 15
                29 14
MOVABLE         2
                28 14
                28 15
IMMOVABLE       114
                29 12
                29 13
                29 11
                0 15
                0 0
                1 0
                2 0
                3 0
                4 0
                5 0
                6 0
                7 0
                8 0
                0 1
                0 2
                0 3
                0 4
                0 5
                0 6
                0 7
                0 8
                0 10
                0 9
                9 0
                10 0
                0 20
                0 22
                0 24
                0 13
                0 25
                0 16
                0 14
                0 26
                0 21
                0 23
                12 0
                0 28
                0 19
                0 29
                0 18
                0 27
                0 17
                11 0
                0 11
                0 12
                13 0
                14 0
                15 0
                17 0
                16 0
                18 0
                20 0
                19 0
                21 0
                22 0
                23 0
                24 0
                25 0
                26 0
                27 0
                29 0
                28 0
                1 29
                2 29
                3 29
                5 29
                4 29
                6 29
                7 29
                10 29
                9 29
                8 29
                11 29
                12 29
                13 29
                14 29
                15 29
                16 29
                17 29
                18 29
                19 29
                21 29
                20 29
                22 29
                25 29
                24 29
                23 29
                26 29
                27 29
                28 29
                29 29
                29 28
                29 27
                29 26
                29 25
                29 24
                29 1
                29 2
                29 3
                29 4
                29 5
                29 6
                29 7
                29 8
                29 9
                29 10
                29 23
                29 22
                29 21
                29 20
                29 19
                29 18
                29 17
                29 16
LAMBDA          1.5
CROWD_AVOIDANCE 1
KS              2.5
KD              1
DIFFUSE_PROB    0.3
DECAY_PROB      0.1
PRESUMED_MAX    80
