DIM             80 64
CELL_SIZE       0.4 0.4
EXIT            10
                4
                19 0
                18 0
                20 0
                17 0
                4
                39 0
                38 0
                40 0
                41 0
                4
                59 0
                60 0
                61 0
                62 0
                4
                39 63
                38 63
                40 63
                41 63
                4
                59 63
                60 63
                61 63
                62 63
                4
                0 44
                0 43
                0 42
                0 41
                4
                0 22
                0 21
                0 20
                0 19
                4
                17 63
                18 63
                19 63
                20 63
                4
                79 44
                79 43
                79 42
                79 41
                4
                79 22
                79 21
                79 20
                79 19
IMMOVABLE       584
                0 0
                0 1
                0 18
                0 17
                0 16
                0 15
                0 14
                0 13
                0 12
                0 11
                0 10
                0 9
                0 8
                0 7
                0 6
                0 5
                0 4
                0 3
                0 2
                0 40
                0 39
                0 38
                0 37
                0 36
                0 35
                0 34
                0 33
                0 32
                0 31
                0 30
                0 29
                0 28
                0 27
                0 26
                0 25
                0 24
                0 23
                0 45
                0 46
                0 47
                0 48
                0 49
                0 50
                0 51
                0 52
                0 53
                0 54
                0 55
                0 56
                0 57
                0 58
                0 59
                0 60
                0 61
                0 62
                0 63
                1 63
                2 63
                3 63
                4 63
                5 63
                6 63
                7 63
                8 63
                9 63
                10 63
                11 63
                12 63
                13 63
                14 63
                15 63
                16 63
                21 63
                22 63
                23 63
                24 63
                25 63
                26 63
                27 63
                28 63
                29 63
                30 63
                31 63
                32 63
                33 63
                34 63
                35 63
                36 63
                37 63
                42 63
                43 63
                44 63
                45 63
                46 63
                47 63
                48 63
                49 63
                50 63
                51 63
                52 63
                53 63
                54 63
                55 63
                56 63
                57 63
                58 63
                63 63
                64 63
                65 63
                66 63
                67 63
                68 63
                69 63
                70 63
                71 63
                72 63
                73 63
                74 63
                75 63
                76 63
                77 63
                78 63
                79 63
                79 62
                79 61
                79 60
                79 59
                79 58
                79 57
                79 56
                79 40
                79 39
                79 38
                79 37
                79 36
                79 55
                79 54
                79 53
                79 52
                79 51
                79 50
                79 49
                79 48
                79 47
                79 46
                79 45
                79 35
                79 34
                79 33
                79 32
                79 31
                79 30
                79 29
                79 28
                79 27
                79 26
                79 25
                79 24
                79 23
                79 18
                79 17
                79 16
                79 15
                79 14
                79 13
                79 12
                79 11
                79 10
                79 9
                79 8
                79 7
                79 6
                79 5
                79 4
                79 3
                79 2
                79 1
                79 0
                1 0
                2 0
                3 0
                4 0
                5 0
                6 0
                7 0
                8 0
                9 0
                10 0
                11 0
                12 0
                13 0
                14 0
                15 0
                16 0
                21 0
                22 0
                23 0
                24 0
                25 0
                26 0
                27 0
                28 0
                29 0
                30 0
                31 0
                32 0
                42 0
                43 0
                44 0
                45 0
                46 0
                47 0
                48 0
                49 0
                33 0
                34 0
                35 0
                36 0
                37 0
                50 0
                51 0
                52 0
                53 0
                54 0
                55 0
                56 0
                57 0
                58 0
                63 0
                64 0
                65 0
                66 0
                67 0
                68 0
                69 0
                70 0
                71 0
                72 0
                73 0
                74 0
                75 0
                76 0
                77 0
                78 0
                6 58
                6 57
                6 56
                6 55
                7 58
                7 57
                7 56
                7 55
                8 58
                8 57
                8 56
                8 55
                9 55
                9 56
                9 57
                9 58
                10 58
                10 57
                10 56
                10 55
                11 55
                11 56
                11 57
                11 58
                12 58
                12 57
                12 56
                12 55
                13 55
                13 56
                13 57
                13 58
                14 58
                14 57
                14 56
                14 55
                15 55
                15 56
                15 57
                15 58
                16 58
                16 57
                16 56
                16 55
                17 58
                17 57
                17 56
                17 55
                18 55
                18 56
                18 57
                18 58
                19 58
                19 57
                19 56
                19 55
                20 55
                20 56
                20 57
                20 58
                21 58
                21 56
                21 57
                21 55
                22 55
                22 56
                22 57
                22 58
                23 58
                23 57
                23 56
                23 55
                24 55
                24 56
                24 57
                24 58
                25 58
                25 57
                25 56
                25 55
                26 55
                26 56
                26 57
                26 58
                27 58
                27 57
                27 56
                27 55
                28 55
                28 56
                28 57
                28 58
                29 58
                29 57
                29 56
                29 55
                30 55
                30 56
                31 58
                30 58
                30 57
                31 57
                31 56
                31 55
                32 55
                32 56
                32 57
                32 58
                33 58
                33 57
                33 56
                33 55
                34 55
                34 56
                34 58
                34 57
                35 58
                35 57
                35 56
                35 55
                36 55
                36 56
                36 57
                36 58
                37 58
                37 57
                37 56
                37 55
                39 55
                38 56
                38 55
                39 56
                39 57
                38 57
                38 58
                39 58
                40 58
                40 57
                40 56
                40 55
                41 55
                41 56
                41 57
                41 58
                42 58
                42 57
                43 55
                42 56
                42 55
                43 56
                43 57
                43 58
                44 58
                44 57
                44 56
                44 55
                45 55
                45 56
                45 57
                45 58
                46 58
                46 57
                46 56
                46 55
                47 58
                47 57
                47 56
                47 55
                48 55
                48 56
                48 57
                48 58
                49 58
                49 57
                49 56
                49 55
                50 55
                50 56
                50 57
                50 58
                51 58
                51 57
                51 56
                51 55
                52 55
                52 56
                52 57
                52 58
                53 58
                53 57
                53 56
                53 55
                54 55
                54 56
                54 58
                54 57
                55 58
                55 57
                55 56
                55 55
                56 55
                56 56
                56 58
                56 57
                57 58
                57 57
                57 56
                57 55
                58 55
                58 56
                58 57
                58 58
                59 58
                59 57
                59 56
                59 55
                60 55
                60 56
                60 57
                60 58
                61 58
                61 57
                61 56
                61 55
                62 55
                62 56
                62 57
                62 58
                63 58
                63 57
                63 56
                63 55
                64 55
                64 56
                65 58
                64 58
                64 57
                65 57
                65 56
                65 55
                66 55
                66 56
                66 57
                66 58
                67 58
                67 57
                67 56
                67 55
                68 58
                68 57
                68 56
                68 55
                69 55
                69 56
                69 57
                69 58
                70 58
                70 57
                70 56
                70 55
                71 55
                71 56
                71 58
                71 57
                72 58
                72 57
                72 56
                72 55
                73 55
                73 56
                73 57
                73 58
                6 54
                7 54
                8 54
                9 54
                10 54
                11 54
                12 54
                13 54
                14 54
                15 54
                16 54
                18 54
                17 54
                19 54
                20 54
                21 54
                22 54
                23 54
                24 54
                25 54
                26 54
                27 54
                28 54
                29 54
                30 54
                31 54
                32 54
                33 54
                34 54
                35 54
                36 54
                37 54
                39 54
                38 54
                40 54
                41 54
                42 54
                43 54
                44 54
                45 54
                46 54
                47 54
                48 54
                49 54
                50 54
                51 54
                52 54
                53 54
                54 54
                55 54
                56 54
                57 54
                58 54
                59 54
                60 54
                61 54
                62 54
                63 54
                65 54
                64 54
                66 54
                67 54
                68 54
                69 54
                70 54
                71 54
                72 54
                73 54
LAMBDA          1.5
CROWD_AVOIDANCE 1
