DIM             80 64
CELL_SIZE       0.4 0.4
EXIT            10
                4
                19 0
                18 0
                20 0
                17 0
                4
                39 0
                38 0
                40 0
                41 0
                4
                59 0
                60 0
                61 0
                62 0
                4
                39 63
                38 63
                40 63
                41 63
                4
                59 63
                60 63
                61 63
                62 63
                4
                0 44
                0 43
                0 42
                0 41
                4
                0 22
                0 21
                0 20
                0 19
                4
                17 63
                18 63
                19 63
                20 63
                4
                79 44
                79 43
                79 42
                79 41
                4
                79 22
                79 21
                79 20
                79 19
IMMOVABLE       244
                0 0
                0 1
                0 18
                0 17
                0 16
                0 15
                0 14
                0 13
                0 12
                0 11
                0 10
                0 9
                0 8
                0 7
                0 6
                0 5
                0 4
                0 3
                0 2
                0 40
                0 39
                0 38
                0 37
                0 36
                0 35
                0 34
                0 33
                0 32
                0 31
                0 30
                0 29
                0 28
                0 27
                0 26
                0 25
                0 24
                0 23
                0 45
                0 46
                0 47
                0 48
                0 49
                0 50
                0 51
                0 52
                0 53
                0 54
                0 55
                0 56
                0 57
                0 58
                0 59
                0 60
                0 61
                0 62
                0 63
                1 63
                2 63
                3 63
                4 63
                5 63
                6 63
                7 63
                8 63
                9 63
                10 63
                11 63
                12 63
                13 63
                14 63
                15 63
                16 63
                21 63
                22 63
                23 63
                24 63
                25 63
                26 63
                27 63
                28 63
                29 63
                30 63
                31 63
                32 63
                33 63
                34 63
                35 63
                36 63
                37 63
                42 63
                43 63
                44 63
                45 63
                46 63
                47 63
                48 63
                49 63
                50 63
                51 63
                52 63
                53 63
                54 63
                55 63
                56 63
                57 63
                58 63
                63 63
                64 63
                65 63
                66 63
                67 63
                68 63
                69 63
                70 63
                71 63
                72 63
                73 63
                74 63
                75 63
                76 63
                77 63
                78 63
                79 63
                79 62
                79 61
                79 60
                79 59
                79 58
                79 57
                79 56
                79 40
                79 39
                79 38
                79 37
                79 36
                79 55
                79 54
                79 53
                79 52
                79 51
                79 50
                79 49
                79 48
                79 47
                79 46
                79 45
                79 35
                79 34
                79 33
                79 32
                79 31
                79 30
                79 29
                79 28
                79 27
                79 26
                79 25
                79 24
                79 23
                79 18
                79 17
                79 16
                79 15
                79 14
                79 13
                79 12
                79 11
                79 10
                79 9
                79 8
                79 7
                79 6
                79 5
                79 4
                79 3
                79 2
                79 1
                79 0
                1 0
                2 0
                3 0
                4 0
                5 0
                6 0
                7 0
                8 0
                9 0
                10 0
                11 0
                12 0
                13 0
                14 0
                15 0
                16 0
                21 0
                22 0
                23 0
                24 0
                25 0
                26 0
                27 0
                28 0
                29 0
                30 0
                31 0
                32 0
                42 0
                43 0
                44 0
                45 0
                46 0
                47 0
                48 0
                49 0
                33 0
                34 0
                35 0
                36 0
                37 0
                50 0
                51 0
                52 0
                53 0
                54 0
                55 0
                56 0
                57 0
                58 0
                63 0
                64 0
                65 0
                66 0
                67 0
                68 0
                69 0
                70 0
                71 0
                72 0
                73 0
                74 0
                75 0
                76 0
                77 0
                78 0
LAMBDA          1.5
CROWD_AVOIDANCE 1
